*  L Lm  F  D Om       Period 
*                      (days) 
*                             
   0  0  0  0  1    -6798.383 
   0  0  2 -2  2      182.621 
   0  0  2  0  2       13.661 
   0  0  0  0  2    -3399.192 
   0  1  0  0  0      365.260 
   0  1  2 -2  2      121.749 
   1  0  0  0  0       27.555 
   0  0  2  0  1       13.633 
   1  0  2  0  2        9.133 
   0 -1  2 -2  2      365.225 
   0  0  2 -2  1      177.844 
  -1  0  2  0  2       27.093 
  -1  0  0  2  0       31.812 
   1  0  0  0  1       27.667 
  -1  0  0  0  1      -27.443 
  -1  0  2  2  2        9.557 
   1  0  2  0  1        9.121 
  -2  0  2  0  1     1305.479 
   0  0  0  2  0       14.765 
   0  0  2  2  2        7.096 
   0 -2  2 -2  2  3823589.337 
  -2  0  0  2  0     -205.892 
   2  0  2  0  2        6.859 
   1  0  2 -2  2       23.942 
  -1  0  2  0  1       26.985 
   2  0  0  0  0       13.777 
   0  0  2  0  0       13.606 
   0  1  0  0  1      385.998 
  -1  0  0  2  1       31.961 
   0  2  2 -2  2       91.313 
   0  0 -2  2  0     -173.310 
   1  0  0 -2  1      -31.664 
   0 -1  0  0  1     -346.636 
  -1  0  2  2  1        9.543 
   0  2  0  0  0      182.630 
   1  0  2  2  2        5.643 
  -2  0  2  0  0     1095.175 
   0  1  2  0  2       13.168 
   0  0  2  2  1        7.088 
   0 -1  2  0  2       14.192 
   0  0  0  2  1       14.797 
   1  0  2 -2  1       23.858 
   2  0  2 -2  2       12.811 
  -2  0  0  2  1     -199.840 
   2  0  2  0  1        6.852 
   0 -1  2 -2  1      346.604 
   0  0  0 -2  1      -14.733 
  -1 -1  0  2  0       34.847 
   2  0  0 -2  1      212.323 
   1  0  0  2  0        9.614 
   0  1  2 -2  1      119.607 
   1 -1  0  0  0       29.803 
  -2  0  2  0  2     1615.748 
   3  0  2  0  2        5.492 
   0 -1  0  2  0       15.387 
   1 -1  2  0  2        9.367 
   0  0  0  1  0       29.531 
  -1 -1  2  2  2        9.814 
  -1  0  2  0  0       26.878 
   0 -1  2  2  2        7.236 
  -2  0  0  0  1      -13.749 
   1  1  2  0  2        8.910 
   2  0  0  0  1       13.805 
  -1  1  0  1  0     3232.862 
   1  1  0  0  0       25.622 
   1  0  2  0  0        9.108 
  -1  0  2 -2  1      -32.606 
   1  0  0  0  2       27.780 
  -1  0  0  1  0     -411.784 
   0  0  2  1  2        9.340 
  -1  0  2  4  2        5.802 
  -1  1  0  1  1     6164.101 
   0 -2  2 -2  1     6786.317 
   1  0  2  2  1        5.638 
  -2  0  2  2  2       14.632 
  -1  0  0  0  2      -27.333 
   1  1  2 -2  2       22.469 
  -2  0  2  4  2        7.349 
  -1  0  4  0  2        9.057 
   2  0  2 -2  1       12.787 
   2  0  2  2  2        4.684 
   1  0  0  2  1        9.627 
   3  0  0  0  0        9.185 
   3  0  2 -2  2        8.745 
   0  0  4 -2  2       12.663 
   0  1  2  0  1       13.143 
   0  0 -2  2  1     -169.002 
   0  0  2 -2  3      187.662 
  -1  0  0  4  0       10.085 
   2  0 -2  0  1     -943.227 
  -2  0  0  4  0       15.906 
  -1 -1  0  2  1       35.026 
  -1  0  0  1  1     -388.267 
   0  1  0  0  2      409.234 
   0  0 -2  0  1      -13.579 
   0 -1  2  0  1       14.162 
   0  0  2 -1  2       25.420 
   0  0  2  4  2        4.793 
  -2 -1  0  2  0     -131.671 
   1  1  0 -2  1      -34.669 
  -1  1  0  2  0       29.263 
  -1  1  0  1  2    66068.188 
   1 -1  0  0  1       29.934 
   1 -1  2  2  2        5.731 
  -1  1  2  2  2        9.313 
   3  0  2  0  1        5.488 
   0  1 -2  2  0     -329.791 
  -1  0  0 -2  1       -9.600 
   0  1  2  2  2        6.961 
  -1 -1  2  2  1        9.799 
   0 -1  0  0  2     -329.819 
   1  0  2 -4  1      -38.742 
  -1  0 -2  2  0      -23.775 
   0 -1  2  2  1        7.229 
   2 -1  2  0  2        6.991 
   0  0  0  2  2       14.830 
   1 -1  2  0  1        9.354 
  -1  1  2  0  2       25.222 
   0  1  0  2  0       14.192 
   0 -1 -2  2  0     -117.539 
   0  3  2 -2  2       73.051 
   0  0  0  1  1       29.659 
  -1  0  2  2  0        9.530 
   2  1  2  0  2        6.733 
   1  1  0  0  1       25.719 
   1  1  2  0  1        8.898 
   2  0  0  2  0        7.127 
   1  0 -2  2  0       32.764 
  -1  0  0  2  2       32.112 
   0  1  0  1  0       27.322 
   0  1  0 -2  1      -15.353 
  -1  0  2 -2  2      -32.451 
   0  0  0 -1  1      -29.403 
  -1  1  0  0  1      -29.673 
   1  0  2 -1  2       13.222 
   1 -1  0  2  0        9.874 
   0  0  0  4  0        7.383 
   1  0  2  1  2        6.976 
   0  0  2  1  1        9.327 
   1  0  0 -2  2      -31.517 
  -1  0  2  4  1        5.797 
   1  0 -2  0  1      -26.772 
   1  1  2 -2  1       22.395 
   0  0  2  2  0        7.081 
  -1  0  2 -1  1      313.042 
  -2  0  2  2  1       14.600 
   4  0  2  0  2        4.579 
   2 -1  0  0  0       14.317 
   2  1  2 -2  2       12.377 
   0  1  2  1  2        9.107 
   1  0  4 -2  2        8.676 
  -1 -1  0  0  1      -25.525 
   0  1  0  2  1       14.221 
  -2  0  2  4  1        7.341 
   2  0  2  0  0        6.846 
   1  0  0  1  0       14.254 
  -1  0  0  4  1       10.100 
  -1  0  4  0  1        9.045 
   2  0  2  2  1        4.680 
   0  0  2 -3  2      -35.227 
  -1 -2  0  2  0       38.522 
   2  1  0  0  0       13.276 
   0  0  4  0  2        6.817 
   0  0  0  0  3    -2266.128 
   0  3  0  0  0      121.753 
   0  0  2 -4  1      -16.102 
   0 -1  0  2  1       15.422 
   0  0  0  4  1        7.391 
  -1 -1  2  4  2        5.895 
   1  0  2  4  2        4.083 
  -2  2  0  2  0     1616.431 
  -2 -1  2  0  1     -507.157 
  -2  0  0  2  2     -194.133 
  -1 -1  2  0  2       29.263 
   0  0  4 -2  1       12.639 
   3  0  2 -2  1        8.734 
  -2 -1  0  2  1     -129.169 
   1  0  0 -1  1      438.335 
   0 -2  0  2  0       16.064 
  -2  0  0  4  1       15.943 
  -3  0  0  0  1       -9.172 
   1  1  2  2  2        5.557 
   0  0  2  4  1        4.789 
   3  0  2  2  2        4.003 
  -1  1  2 -2  1      -35.803 
   2  0  0 -4  1      -15.869 
   0  0  0 -2  2      -14.701 
   2  0  2 -4  1       95.421 
  -1  1  0  2  1       29.390 
   0  0  2 -1  1       25.325 
   0 -2  2  2  2        7.383 
   2  0  0  2  1        7.135 
   4  0  2 -2  2        6.638 
   2  0  0 -2  2      219.167 
   0  2  0  0  1      187.671 
   1  0  0 -4  1      -10.070 
   0  2  2 -2  1       90.103 
  -3  0  0  4  0       37.625 
  -1  1  2  0  1       25.129 
  -1 -1  0  4  0       10.371 
  -1 -2  2  2  2       10.085 
  -2 -1  2  4  2        7.500 
   1 -1  2  2  1        5.726 
  -2  1  0  2  0     -471.891 
  -2  1  2  0  1      285.406 
   2  1  0 -2  1      134.272 
  -3  0  2  0  1      -28.149 
  -2  0  2 -2  1      -14.934 
  -1  1  0  2  2       29.517 
   0 -1  2 -1  2       27.321 
  -1  0  4 -2  2       23.430 
   0 -2  2  0  2       14.765 
  -1  0  2  1  2       14.130 
   2  0  0  0  2       13.833 
   0  0  2  0  3       13.688 
  -2  0  4  0  2       13.492 
  -1  0 -2  0  1       -9.096 
  -1  1  2  2  1        9.300 
   3  0  0  0  1        9.197 
  -1  0  2  3  2        7.220 
   2 -1  2  0  1        6.983 
   0  1  2  2  1        6.953 
   0 -1  2  4  2        4.856 
   2 -1  2  2  2        4.744 
   0  2 -2  2  0    -3396.173 
  -1 -1  2 -1  1     2189.723 
   0 -2  0  0  1     -177.852 
   1  0  2 -4  2      -38.522 
   1 -1  0 -2  1      -29.138 
  -1 -1  2  0  1       29.138 
   1 -1  2 -2  2       25.622 
  -2 -1  0  4  0       16.630 
  -1  0  0  3  0       15.314 
  -2 -1  2  2  2       15.242 
   0  2  2  0  2       12.710 
   1  1  0  2  0        9.367 
   2  0  2 -1  2        8.935 
   1  0  2  1  1        6.968 
   4  0  0  0  0        6.889 
   2  1  2  0  1        6.726 
   3 -1  2  0  2        5.576 
  -2  2  0  2  1     2120.652 
   1  0  2 -3  1      124.203 
   1  1  2 -4  1      -43.339 
  -1 -1  2 -2  1      -29.934 
   0 -1  0 -1  1      -27.212 
   0 -1  0 -2  1      -14.162 
  -2  0  0  0  2      -13.722 
  -2  0 -2  2  0      -12.763 
  -1  0 -2  4  0       38.964 
   1 -2  0  0  0       32.451 
   0  1  0  1  1       27.432 
  -1  2  0  2  0       27.093 
   1 -1  2 -2  1       25.525 
   1  2  2 -2  2       21.167 
   2 -1  2 -2  2       13.276 
   1  0  2 -1  1       13.196 
   2  1  2 -2  1       12.354 
  -2  0  0 -2  1       -7.120 
   1 -2  2  0  2        9.614 
   0  1  2  1  1        9.095 
   1  0  4 -2  1        8.665 
  -2  0  4  2  2        7.050 
   1  1  2  1  2        6.845 
   1  0  0  4  0        5.823 
   1  0  2  2  0        5.633 
   2  0  2  1  2        5.566 
   3  1  2  0  2        5.411 
   4  0  2  0  1        4.576 
  -2 -1  2  0  0     -548.041 
   0  1 -2  2  1     -314.533 
   1  0 -2  1  0     -299.262 
   0 -1 -2  2  1     -115.542 
   2 -1  0 -2  1      507.090 
  -1  0  2 -1  2      328.153 
   1  0  2 -3  2      126.514 
   0  1  2 -2  3      123.969 
   0  0  2 -3  1      -35.410 
  -1  0 -2  2  1      -23.692 
   0  0  2 -4  2      -16.064 
  -2  1  0  0  1      -14.287 
  -1  0  0 -1  1      -14.224 
   2  0  2 -4  2       96.780 
   0  0  4 -4  4       91.311 
   0  0  4 -4  2       88.922 
  -1 -2  0  2  1       38.742 
  -2  0  0  3  0       34.475 
   1  0 -2  2  1       32.922 
  -3  0  2  2  2       31.198 
  -3  0  2  2  1       31.055 
  -2  0  2  2  0       14.569 
   2 -1  0  0  1       14.348 
  -2  1  2  2  2       14.068 
   1  1  0  1  0       13.719 
   0  1  4 -2  2       12.238 
  -1  1  0 -2  1       -9.859 
   0  0  0 -4  1       -7.375 
   1 -1  0  2  1        9.888 
   1  1  0  2  1        9.380 
  -1  2  2  2  2        9.082 
   3  1  2 -2  2        8.541 
   0 -1  0  4  0        7.535 
   2 -1  0  2  0        7.269 
   0  0  4  0  1        6.810 
   2  0  4 -2  2        6.598 
  -1 -1  2  4  1        5.890 
   1  0  0  4  1        5.828 
   1 -2  2  2  2        5.823 
   0  0  2  3  2        5.721 
  -1  1  2  4  2        5.711 
   3  0  0  2  0        5.662 
  -1  0  4  2  2        5.614 
   1  1  2  2  1        5.552 
  -2  0  2  6  2        4.907 
   2  1  2  2  2        4.624 
  -1  0  2  6  2        4.165 
   1  0  2  4  1        4.080 
   2  0  2  4  2        3.556 
   1  1 -2  1  0    -1656.253 
  -3  1  2  1  2     1077.317 
   2  0 -2  0  2     -828.306 
  -1  0  0  1  2     -367.290 
  -4  0  2  2  1     -244.445 
  -1 -1  0  1  0     -193.565 
   0  0 -2  2  2     -164.902 
   1  0  0 -1  2      468.545 
   0 -1  2 -2  3      385.959 
  -2  1  2  0  0      273.907 
   0  0  2 -2  4      192.989 
  -2 -2  0  2  0      -96.782 
  -2  0 -2  4  0      -94.101 
   0 -2 -2  2  0      -88.924 
   1  2  0 -2  1      -38.305 
   3  0  0 -4  1      -37.418 
  -1  1  2 -2  2      -35.615 
   1 -1  2 -4  1      -35.027 
   1  1  0 -2  2      -34.493 
  -3  0  2  0  0      -28.266 
  -3  0  2  0  2      -28.033 
  -2  0  0  1  0      -25.826 
   0  0 -2  1  0      -25.231 
  -3  0  0  2  1      -24.216 
  -1 -1 -2  2  0      -22.322 
   0  1  2 -4  1      -16.845 
   2  1  0 -4  1      -16.590 
   0  2  0 -2  1      -16.026 
   1  0  0 -3  1      -15.280 
  -2  0  2 -2  2      -14.901 
  -2 -1  0  0  1      -13.251 
  -4  0  0  2  0      -12.913 
   1  1  0 -4  1      -10.355 
  -1  0  2 -4  1      -10.163 
   0  0  4 -4  1       87.774 
   0  3  2 -2  2       73.051 
  -3 -1  0  4  0       41.946 
  -3  0  0  4  1       37.835 
   1 -1 -2  2  0       35.992 
  -1 -1  0  2  2       35.208 
   1 -2  0  0  1       32.606 
   1 -1  0  0  2       30.066 
   0  0  0  1  2       29.789 
  -1 -1  2  0  0       29.013 
   1 -2  2 -2  2       27.554 
   0 -1  2 -1  1       27.212 
  -1  0  2  0  3       27.201 
   1  1  0  0  2       25.816 
  -1  1  2  0  0       25.036 
   1  2  0  0  0       23.942 
  -1  2  2  0  2       23.593 
  -1  0  4 -2  1       23.349 
   3  0  2 -4  2       21.448 
   1  2  2 -2  1       21.101 
   1  0  4 -4  2       21.036 
  -2 -1  0  4  1       16.671 
   0 -1  0  2  2       15.457 
  -2  1  0  4  0       15.242 
  -2 -1  2  2  1       15.208 
   2  0 -2  2  0       14.967 
   1  0  0  1  1       14.284 
   0  1  0  2  2       14.251 
   1 -1  2 -1  2       13.719 
  -2  0  4  0  1       13.466 
   2  1  0  0  1       13.302 
   0  1  2  0  0       13.117 
   0 -1  4 -2  2       13.117 
   0  0  4 -2  4       12.710 
   0  2  2  0  1       12.686 
  -3  0  0  6  0       10.604 
  -1 -1  0  4  1       10.387 
   1 -2  0  2  0       10.148 
  -1  0  0  4  2       10.115 
  -1 -2  2  2  1       10.070 
  -1  0  0 -2  2       -9.587 
   1  0 -2 -2  1       -9.517 
   0  0 -2 -2  1       -7.074 
  -2  0 -2  0  1       -6.839 
   0  0  0  3  1        9.858 
   0  0  0  3  0        9.844 
  -1  1  0  4  0        9.814 
  -1 -1  2  2  0        9.785 
  -2  0  2  3  2        9.784 
   1  0  0  2  2        9.641 
   0 -1  2  1  2        9.585 
   3 -1  0  0  0        9.422 
   2  0  0  1  0        9.394 
   1 -1  2  0  0        9.341 
   0  0  2  1  0        9.314 
   1  0  2  0  3        9.145 
   3  1  0  0  0        8.960 
   3 -1  2 -2  2        8.960 
   2  0  2 -1  1        8.923 
   1  1  2  0  0        8.887 
   0  0  4 -1  2        8.862 
   1  2  2  0  2        8.698 
  -2  0  0  6  0        7.657 
   0 -1  0  4  1        7.543 
  -2 -1  2  4  1        7.492 
   0 -2  2  2  1        7.375 
   0 -1  2  2  0        7.221 
  -1  0  2  3  1        7.213 
  -2  1  2  4  2        7.204 
   2  0  0  2  2        7.142 
   2 -2  2  0  2        7.127 
  -1  1  2  3  2        7.080 
   3  0  2 -1  2        6.747 
   4  0  2 -2  1        6.632 
  -1  0  0  6  0        5.992 
  -1 -2  2  4  2        5.992 
  -3  0  2  6  2        5.970 
  -1  0  2  4  0        5.792 
   3  0  0  2  1        5.667 
   3 -1  2  0  1        5.571 
   3  0  2  0  0        5.483 
   1  0  4  0  2        5.465 
   5  0  2 -2  2        5.349 
   0 -1  2  4  1        4.853 
   2 -1  2  2  1        4.741 
   0  1  2  4  2        4.731 
   1 -1  2  4  2        4.129 
   3 -1  2  2  2        4.048 
   3  0  2  2  1        4.001 
   5  0  2  0  2        3.927 
   0  0  2  6  2        3.618 
   4  0  2  2  2        3.495 
   0 -1  1 -1  1  7647178.674 
  -1  0  1  0  3    65502.278 
   0 -2  2 -2  3    -6810.493 
   1  0 -1  0  1    -1656.612 
   2 -2  0 -2  1    -1305.925 
  -1  0  1  0  2     6159.136 
  -1  0  1  0  1     3231.496 
  -1 -1  2 -1  2     3230.131 
  -2  2  0  2  2     3082.050 
  -1  0  1  0  0     2190.350 
  -4  1  2  2  2     -666.567 
  -3  0  2  1  1     -601.521 
  -2 -1  2  0  2     -471.950 
   1  0 -2  1  1     -286.644 
   2 -1 -2  0  1     -263.299 
  -4  0  2  2  0     -253.562 
  -3  1  0  3  0     -219.897 
  -1  0 -1  2  0     -188.201 
   0 -2  0  0  2     -173.318 
   0 -2  0  0  2     -173.318 
  -3  0  0  3  0     -137.261 
  -2 -1  0  2  2     -126.761 
  -1  0 -2  3  0     -121.974 
  -4  0  0  4  0     -102.946 
   2  1 -2  0  1      596.094 
   2 -1  0 -2  2      547.962 
   0  0  1 -1  0      346.620 
  -1  2  0  1  0      328.181 
  -2  1  2  0  2      297.913 
   1  1  0 -1  1      199.237 
   1  0  1 -2  1      193.560 
   0  2  0  0  2      192.999 
   1 -1  2 -3  1      188.197 
  -1  1  2 -1  1      168.571 
  -2  0  4 -2  2      156.521 
  -2  0  4 -2  1      152.999 
  -2 -2  0  2  1      -95.424 
  -2  0 -2  4  0      -94.101 
   1  2  2 -4  1      -49.173 
   1  1  2 -4  2      -43.064 
  -1  2  2 -2  1      -39.693 
   2  0  0 -3  1      -34.301 
  -1  2  0  0  1      -32.296 
   0  0  0 -2  0      -14.765 
  -1 -1  2 -2  2      -29.803 
  -1  1  0  0  2      -29.544 
   0  0  0 -1  2      -29.276 
  -2  1  0  1  0      -27.791 
   1 -2  0 -2  1      -26.985 
   1  0 -2  0  2      -26.667 
  -3  1  0  2  0      -26.034 
  -1  1 -2  2  0      -25.430 
  -1 -1  0  0  2      -25.430 
  -3  0  0  2  0      -24.302 
  -3 -1  0  2  0      -22.786 
   2  0  2 -6  1      -17.468 
   0  1  2 -4  2      -16.803 
   2  0  0 -4  2      -15.832 
  -2  1  2 -2  1      -15.571 
   0 -1  2 -4  1      -15.422 
   0  1  0 -2  2      -15.318 
  -1  0  0 -2  0       -9.614 
   2  0 -2 -2  1      -14.538 
  -4  0  2  0  1      -13.924 
  -1 -1  0 -1  1      -13.691 
   0  0 -2  0  2      -13.552 
  -3  0  0  1  0      -13.331 
  -1  0 -2  1  0      -13.171 
  -2  0 -2  2  1      -12.739 
   0  0 -4  2  0      -12.616 
  -2 -1 -2  2  0      -12.332 
   1  0  2 -6  1      -10.691 
  -1  0  2 -4  2      -10.148 
   1  0  0 -4  2      -10.055 
   2  1  2 -4  2       76.508 
   2  1  2 -4  1       75.657 
   0  1  4 -4  4       73.049 
   0  1  4 -4  2       71.512 
  -1 -1 -2  4  0       43.617 
  -1 -3  0  2  0       43.064 
  -1  0 -2  4  1       39.189 
  -2 -1  0  3  0       38.068 
   0  0 -2  3  0       35.596 
  -2  0  0  3  1       34.651 
   0 -1  0  1  0       32.128 
  -3  0  2  2  0       30.914 
   1  1 -2  2  0       30.067 
  -1  1  0  2  2       29.517 
   1 -2  2 -2  1       27.443 
   0  0  1  0  2       27.432 
   0  0  1  0  1       27.322 
   0  0  1  0  0       27.212 
  -1  2  0  2  1       27.201 
   0  0  2  0  2       13.661 
  -2  0  2  0  2     1615.748 
   2  0  0 -1  1       25.925 
   3  0  0 -2  1       24.389 
   1  0  2 -2  3       24.027 
   1  2  0  0  1       24.027 
   2  0  2 -3  2       22.627 
  -1  1  4 -2  2       22.018 
  -2 -2  0  4  0       17.423 
   0 -3  0  2  0       16.803 
   0  0 -2  4  0       16.140 
  -1 -1  0  3  0       15.985 
  -2  0  0  4  2       15.981 
  -1  0  0  3  1       15.349 
   2 -2  0  0  0       14.901 
   1 -1  0  1  0       14.833 
  -1  0  0  2  0       31.812 
   0 -2  2  0  1       14.733 
  -1  0  1  2  1       14.698 
  -1  1  0  3  0       14.698 
  -1 -1  2  1  2       14.698 
   0 -1  2  0  0       14.133 
  -2  1  2  2  1       14.039 
   2 -2  2 -2  2       13.777 
   1  1  0  1  1       13.747 
   1  0  1  0  1       13.719 
   1  0  1  0  0       13.691 
   0  2  0  2  0       13.661 
   2 -1  2 -2  1       13.251 
   0 -1  4 -2  1       13.092 
   0  0  4 -2  3       12.686 
   0  1  4 -2  1       12.216 
   4  0  2 -4  2       12.060 
   2  2  2 -2  2       11.971 
   2  0  4 -4  2       11.929 
  -1 -2  0  4  0       10.674 
  -1 -3  2  2  2       10.371 
  -3  0  2  4  2       10.022 
  -3  0  2 -2  1       -9.685 
  -1 -1  0 -2  1       -9.354 
  -3  0  0  0  2       -9.160 
  -3  0 -2  2  0       -8.723 
   0  1  0 -4  1       -7.527 
  -2  1  0 -2  1       -7.261 
  -4  0  0  0  1       -6.882 
  -1  0  0 -4  1       -5.818 
  -3  0  0 -2  1       -5.658 
   0  0  0  3  2        9.872 
  -1  1  0  4  1        9.828 
   1 -2  2  0  1        9.600 
   0  1  0  3  0        9.585 
  -1  0  2  2  3        9.570 
   0  0  2  2  2        7.096 
  -2  0  2  2  2       14.632 
  -1  1  2  2  0        9.288 
   3  0  0  0  2        9.210 
   2  1  0  1  0        9.159 
   2 -1  2 -1  2        9.159 
   0  0  2  0  1       13.633 
   0  0  3  0  3        9.107 
   0  0  3  0  2        9.095 
  -1  2  2  2  1        9.070 
  -1  0  4  0  0        9.033 
   1  2  2  0  1        8.687 
   3  1  2 -2  1        8.530 
   1  1  4 -2  2        8.474 
  -2 -1  0  6  0        7.821 
   0 -2  0  4  0        7.694 
  -2  0  0  6  1        7.666 
  -2 -2  2  4  2        7.657 
   0 -3  2  2  2        7.535 
   0  0  0  4  2        7.399 
  -1 -1  2  3  2        7.366 
  -2  0  2  4  0        7.333 
   2 -1  0  2  1        7.277 
   1  0  0  3  0        7.253 
   0  1  0  4  1        7.244 
   0  1  0  4  0        7.236 
   1 -1  2  1  2        7.111 
   0  0  2  2  3        7.103 
   1  0  2  2  2        5.643 
  -1  0  2  2  2        9.557 
  -2  0  4  2  1        7.043 
   2  1  0  2  1        6.998 
   2  1  0  2  0        6.991 
   2 -1  2  0  0        6.976 
   1  0  2  1  0        6.961 
   0  1  2  2  0        6.946 
   2  0  2  0  3        6.866 
   3  0  2  0  2        5.492 
   1  0  2  0  2        9.133 
   1  0  3  0  3        6.845 
   1  1  2  1  1        6.838 
   0  2  2  2  2        6.830 
   2  1  2  0  0        6.720 
   2  0  4 -2  1        6.592 
   4  1  2 -2  2        6.520 
  -1 -1  0  6  0        6.092 
  -3 -1  2  6  2        6.069 
  -1  0  0  6  1        5.997 
  -3  0  2  6  1        5.965 
   1 -1  0  4  1        5.922 
   1 -1  0  4  0        5.917 
  -2  0  2  5  2        5.885 
   1 -2  2  2  1        5.818 
   3 -1  0  2  0        5.752 
   1 -1  2  2  0        5.722 
   0  0  2  3  1        5.716 
  -1  1  2  4  1        5.706 
   0  1  2  3  2        5.633 
  -1  0  4  2  1        5.609 
   2  0  2  1  1        5.562 
   5  0  0  0  0        5.511 
   2  1  2  1  2        5.483 
   1  0  4  0  1        5.460 
   3  1  2  0  1        5.407 
   3  0  4 -2  2        5.323 
  -2 -1  2  6  2        4.974 
   0  0  0  6  0        4.922 
   0 -2  2  4  2        4.922 
  -2  0  2  6  1        4.903 
   2  0  0  4  1        4.810 
   2  0  0  4  0        4.807 
   2 -2  2  2  2        4.807 
   0  0  2  4  0        4.786 
   1  0  2  3  2        4.737 
   4  0  0  2  0        4.697 
   2  0  2  2  0        4.677 
   0  0  4  2  2        4.664 
   4 -1  2  0  2        4.638 
   3  0  2  1  2        4.631 
   2  1  2  2  1        4.621 
   4  1  2  0  2        4.523 
  -1 -1  2  6  2        4.213 
  -1  0  2  6  1        4.163 
   1 -1  2  4  1        4.126 
   1  1  2  4  2        4.037 
   3  1  2  2  2        3.960 
   5  0  2  0  1        3.925 
   2 -1  2  4  2        3.591 
   2  0  2  4  1        3.554 
